____
Name: Extra 3, Tone, head 2
Level: 1 chr=3755 enc=3055 avg=0.229133 cec=527 cer=0.172504 max=7 seihis:事世士势誓逝拭柿
Level: 2 chr=6696 enc=4679 avg=0.431075 cec=1249 cer=0.266937 max=10 leiis:丽莉吏栗荔栎莅郦枥苈坜
Level: 3 chr=9901 enc=5777 avg=0.713865 cec=2193 cer=0.379609 max=16 leiis:丽莉吏栗荔栎莅郦枥苈坜麗隸蒞苙藶赲